00100000000010000000000000110010
00001000000000000000000000001101
00100000000011010000000000011110
00100000000011010000000000011110
00100000000011010000000000011110
00100000000011010000000000011110
00100000000010010000000000000010
01110001000010010100000000000010
00000011111000000000000000001000
00100000000011010000000000011110
00100000000011010000000000011110
00100000000011010000000000011110
00100000000011010000000000011110
00100001000010000000000000110010
00001100000000000000000000000110
00000001000010000100000000100000
00000001000010000100000000100000
00000001000010000100000000100000
00000001000010000100000000100000
