00000000000000000111100000100000
00100000000010000000000001100100
00000000000000000100100000100001
00100000000010100000000000000000
00100000000010110000000000000001
00100000000100000000000000000010
00000000000000000100100000100001
00100000000010110000000000000001
00100001010011000000000000000000
00100001011011100000000000000000
00000001100011100000100000101010
00010100001000000000000000000010
00000001100011100110000000100010
00001000000000000000000000001010
00100001100011010000000000000000
00010001101000000000000000000111
00100001011010110000000000000001
00000001010010111100100000101010
00010011001000001111111111110101
00010010000010010000000000000101
00100001010010100000000000000001
00010101010010001111111111110000
00010001010010000000000000000101
00100001001010010000000000000001
00001000000000000000000000010000
10101101111010100000000000000000
00100001111011110000000000000100
00001000000000000000000000010100
00000000000000000000000000000000
